+---------+--------------+-------------+
| Decimal |   Binario    | Hexadecimal |
+---------+--------------+-------------+
|    1    |      1       |      1      |
|    1    |      1       |      1      |
|    1    |      1       |      1      |
|    1    |      1       |      1      |
|    1    |      1       |      1      |
|    1    |      1       |      1      |
|    1    |      1       |      1      |
|    1    |      1       |      1      |
|    1    |      1       |      1      |
|    1    |      1       |      1      |
|    2    |      10      |      2      |
|    3    |      11      |      3      |
|    4    |     100      |      4      |
|    5    |     101      |      5      |
|    6    |     110      |      6      |
|    7    |     111      |      7      |
|    8    |     1000     |      8      |
|    9    |     1001     |      9      |
|    10   |     1010     |      A      |
|    11   |     1011     |      B      |
|    12   |     1100     |      C      |
|    13   |     1101     |      D      |
|    14   |     1110     |      E      |
|    15   |     1111     |      F      |
|    16   |    10000     |      10     |
|    17   |    10001     |      11     |
|    18   |    10010     |      12     |
|    19   |    10011     |      13     |
|    20   |    10100     |      14     |
|    21   |    10101     |      15     |
|    22   |    10110     |      16     |
|    23   |    10111     |      17     |
|    24   |    11000     |      18     |
|    25   |    11001     |      19     |
|    26   |    11010     |      1A     |
|    27   |    11011     |      1B     |
|    28   |    11100     |      1C     |
|    29   |    11101     |      1D     |
|    30   |    11110     |      1E     |
|    31   |    11111     |      1F     |
|    32   |    100000    |      20     |
|    33   |    100001    |      21     |
|    34   |    100010    |      22     |
|    35   |    100011    |      23     |
|    36   |    100100    |      24     |
|    37   |    100101    |      25     |
|    38   |    100110    |      26     |
|    39   |    100111    |      27     |
|    40   |    101000    |      28     |
|    41   |    101001    |      29     |
|    42   |    101010    |      2A     |
|    43   |    101011    |      2B     |
|    44   |    101100    |      2C     |
|    45   |    101101    |      2D     |
|    46   |    101110    |      2E     |
|    47   |    101111    |      2F     |
|    48   |    110000    |      30     |
|    49   |    110001    |      31     |
|    50   |    110010    |      32     |
|    51   |    110011    |      33     |
|    52   |    110100    |      34     |
|    53   |    110101    |      35     |
|    54   |    110110    |      36     |
|    55   |    110111    |      37     |
|    56   |    111000    |      38     |
|    57   |    111001    |      39     |
|    58   |    111010    |      3A     |
|    59   |    111011    |      3B     |
|    60   |    111100    |      3C     |
|    61   |    111101    |      3D     |
|    62   |    111110    |      3E     |
|    63   |    111111    |      3F     |
|    64   |   1000000    |      40     |
|    65   |   1000001    |      41     |
|    66   |   1000010    |      42     |
|    67   |   1000011    |      43     |
|    68   |   1000100    |      44     |
|    69   |   1000101    |      45     |
|    70   |   1000110    |      46     |
|    71   |   1000111    |      47     |
|    72   |   1001000    |      48     |
|    73   |   1001001    |      49     |
|    74   |   1001010    |      4A     |
|    75   |   1001011    |      4B     |
|    76   |   1001100    |      4C     |
|    77   |   1001101    |      4D     |
|    78   |   1001110    |      4E     |
|    79   |   1001111    |      4F     |
|    80   |   1010000    |      50     |
|    81   |   1010001    |      51     |
|    82   |   1010010    |      52     |
|    83   |   1010011    |      53     |
|    84   |   1010100    |      54     |
|    85   |   1010101    |      55     |
|    86   |   1010110    |      56     |
|    87   |   1010111    |      57     |
|    88   |   1011000    |      58     |
|    89   |   1011001    |      59     |
|    90   |   1011010    |      5A     |
|    91   |   1011011    |      5B     |
|    92   |   1011100    |      5C     |
|    93   |   1011101    |      5D     |
|    94   |   1011110    |      5E     |
|    95   |   1011111    |      5F     |
|    96   |   1100000    |      60     |
|    97   |   1100001    |      61     |
|    98   |   1100010    |      62     |
|    99   |   1100011    |      63     |
|   100   |   1100100    |      64     |
|   101   |   1100101    |      65     |
|   102   |   1100110    |      66     |
|   103   |   1100111    |      67     |
|   104   |   1101000    |      68     |
|   105   |   1101001    |      69     |
|   106   |   1101010    |      6A     |
|   107   |   1101011    |      6B     |
|   108   |   1101100    |      6C     |
|   109   |   1101101    |      6D     |
|   110   |   1101110    |      6E     |
|   111   |   1101111    |      6F     |
|   112   |   1110000    |      70     |
|   113   |   1110001    |      71     |
|   114   |   1110010    |      72     |
|   115   |   1110011    |      73     |
|   116   |   1110100    |      74     |
|   117   |   1110101    |      75     |
|   118   |   1110110    |      76     |
|   119   |   1110111    |      77     |
|   120   |   1111000    |      78     |
|   121   |   1111001    |      79     |
|   122   |   1111010    |      7A     |
|   123   |   1111011    |      7B     |
|   124   |   1111100    |      7C     |
|   125   |   1111101    |      7D     |
|   126   |   1111110    |      7E     |
|   127   |   1111111    |      7F     |
|   128   |   10000000   |      80     |
|   129   |   10000001   |      81     |
|   130   |   10000010   |      82     |
|   131   |   10000011   |      83     |
|   132   |   10000100   |      84     |
|   133   |   10000101   |      85     |
|   134   |   10000110   |      86     |
|   135   |   10000111   |      87     |
|   136   |   10001000   |      88     |
|   137   |   10001001   |      89     |
|   138   |   10001010   |      8A     |
|   139   |   10001011   |      8B     |
|   140   |   10001100   |      8C     |
|   141   |   10001101   |      8D     |
|   142   |   10001110   |      8E     |
|   143   |   10001111   |      8F     |
|   144   |   10010000   |      90     |
|   145   |   10010001   |      91     |
|   146   |   10010010   |      92     |
|   147   |   10010011   |      93     |
|   148   |   10010100   |      94     |
|   149   |   10010101   |      95     |
|   150   |   10010110   |      96     |
|   151   |   10010111   |      97     |
|   152   |   10011000   |      98     |
|   153   |   10011001   |      99     |
|   154   |   10011010   |      9A     |
|   155   |   10011011   |      9B     |
|   156   |   10011100   |      9C     |
|   157   |   10011101   |      9D     |
|   158   |   10011110   |      9E     |
|   159   |   10011111   |      9F     |
|   160   |   10100000   |      A0     |
|   161   |   10100001   |      A1     |
|   162   |   10100010   |      A2     |
|   163   |   10100011   |      A3     |
|   164   |   10100100   |      A4     |
|   165   |   10100101   |      A5     |
|   166   |   10100110   |      A6     |
|   167   |   10100111   |      A7     |
|   168   |   10101000   |      A8     |
|   169   |   10101001   |      A9     |
|   170   |   10101010   |      AA     |
|   171   |   10101011   |      AB     |
|   172   |   10101100   |      AC     |
|   173   |   10101101   |      AD     |
|   174   |   10101110   |      AE     |
|   175   |   10101111   |      AF     |
|   176   |   10110000   |      B0     |
|   177   |   10110001   |      B1     |
|   178   |   10110010   |      B2     |
|   179   |   10110011   |      B3     |
|   180   |   10110100   |      B4     |
|   181   |   10110101   |      B5     |
|   182   |   10110110   |      B6     |
|   183   |   10110111   |      B7     |
|   184   |   10111000   |      B8     |
|   185   |   10111001   |      B9     |
|   186   |   10111010   |      BA     |
|   187   |   10111011   |      BB     |
|   188   |   10111100   |      BC     |
|   189   |   10111101   |      BD     |
|   190   |   10111110   |      BE     |
|   191   |   10111111   |      BF     |
|   192   |   11000000   |      C0     |
|   193   |   11000001   |      C1     |
|   194   |   11000010   |      C2     |
|   195   |   11000011   |      C3     |
|   196   |   11000100   |      C4     |
|   197   |   11000101   |      C5     |
|   198   |   11000110   |      C6     |
|   199   |   11000111   |      C7     |
|   200   |   11001000   |      C8     |
|   201   |   11001001   |      C9     |
|   202   |   11001010   |      CA     |
|   203   |   11001011   |      CB     |
|   204   |   11001100   |      CC     |
|   205   |   11001101   |      CD     |
|   206   |   11001110   |      CE     |
|   207   |   11001111   |      CF     |
|   208   |   11010000   |      D0     |
|   209   |   11010001   |      D1     |
|   210   |   11010010   |      D2     |
|   211   |   11010011   |      D3     |
|   212   |   11010100   |      D4     |
|   213   |   11010101   |      D5     |
|   214   |   11010110   |      D6     |
|   215   |   11010111   |      D7     |
|   216   |   11011000   |      D8     |
|   217   |   11011001   |      D9     |
|   218   |   11011010   |      DA     |
|   219   |   11011011   |      DB     |
|   220   |   11011100   |      DC     |
|   221   |   11011101   |      DD     |
|   222   |   11011110   |      DE     |
|   223   |   11011111   |      DF     |
|   224   |   11100000   |      E0     |
|   225   |   11100001   |      E1     |
|   226   |   11100010   |      E2     |
|   227   |   11100011   |      E3     |
|   228   |   11100100   |      E4     |
|   229   |   11100101   |      E5     |
|   230   |   11100110   |      E6     |
|   231   |   11100111   |      E7     |
|   232   |   11101000   |      E8     |
|   233   |   11101001   |      E9     |
|   234   |   11101010   |      EA     |
|   235   |   11101011   |      EB     |
|   236   |   11101100   |      EC     |
|   237   |   11101101   |      ED     |
|   238   |   11101110   |      EE     |
|   239   |   11101111   |      EF     |
|   240   |   11110000   |      F0     |
|   241   |   11110001   |      F1     |
|   242   |   11110010   |      F2     |
|   243   |   11110011   |      F3     |
|   244   |   11110100   |      F4     |
|   245   |   11110101   |      F5     |
|   246   |   11110110   |      F6     |
|   247   |   11110111   |      F7     |
|   248   |   11111000   |      F8     |
|   249   |   11111001   |      F9     |
|   250   |   11111010   |      FA     |
|   251   |   11111011   |      FB     |
|   252   |   11111100   |      FC     |
|   253   |   11111101   |      FD     |
|   254   |   11111110   |      FE     |
|   255   |   11111111   |      FF     |
|   256   |  100000000   |     100     |
|   257   |  100000001   |     101     |
|   258   |  100000010   |     102     |
|   259   |  100000011   |     103     |
|   260   |  100000100   |     104     |
|   261   |  100000101   |     105     |
|   262   |  100000110   |     106     |
|   263   |  100000111   |     107     |
|   264   |  100001000   |     108     |
|   265   |  100001001   |     109     |
|   266   |  100001010   |     10A     |
|   267   |  100001011   |     10B     |
|   268   |  100001100   |     10C     |
|   269   |  100001101   |     10D     |
|   270   |  100001110   |     10E     |
|   271   |  100001111   |     10F     |
|   272   |  100010000   |     110     |
|   273   |  100010001   |     111     |
|   274   |  100010010   |     112     |
|   275   |  100010011   |     113     |
|   276   |  100010100   |     114     |
|   277   |  100010101   |     115     |
|   278   |  100010110   |     116     |
|   279   |  100010111   |     117     |
|   280   |  100011000   |     118     |
|   281   |  100011001   |     119     |
|   282   |  100011010   |     11A     |
|   283   |  100011011   |     11B     |
|   284   |  100011100   |     11C     |
|   285   |  100011101   |     11D     |
|   286   |  100011110   |     11E     |
|   287   |  100011111   |     11F     |
|   288   |  100100000   |     120     |
|   289   |  100100001   |     121     |
|   290   |  100100010   |     122     |
|   291   |  100100011   |     123     |
|   292   |  100100100   |     124     |
|   293   |  100100101   |     125     |
|   294   |  100100110   |     126     |
|   295   |  100100111   |     127     |
|   296   |  100101000   |     128     |
|   297   |  100101001   |     129     |
|   298   |  100101010   |     12A     |
|   299   |  100101011   |     12B     |
|   300   |  100101100   |     12C     |
|   301   |  100101101   |     12D     |
|   302   |  100101110   |     12E     |
|   303   |  100101111   |     12F     |
|   304   |  100110000   |     130     |
|   305   |  100110001   |     131     |
|   306   |  100110010   |     132     |
|   307   |  100110011   |     133     |
|   308   |  100110100   |     134     |
|   309   |  100110101   |     135     |
|   310   |  100110110   |     136     |
|   311   |  100110111   |     137     |
|   312   |  100111000   |     138     |
|   313   |  100111001   |     139     |
|   314   |  100111010   |     13A     |
|   315   |  100111011   |     13B     |
|   316   |  100111100   |     13C     |
|   317   |  100111101   |     13D     |
|   318   |  100111110   |     13E     |
|   319   |  100111111   |     13F     |
|   320   |  101000000   |     140     |
|   321   |  101000001   |     141     |
|   322   |  101000010   |     142     |
|   323   |  101000011   |     143     |
|   324   |  101000100   |     144     |
|   325   |  101000101   |     145     |
|   326   |  101000110   |     146     |
|   327   |  101000111   |     147     |
|   328   |  101001000   |     148     |
|   329   |  101001001   |     149     |
|   330   |  101001010   |     14A     |
|   331   |  101001011   |     14B     |
|   332   |  101001100   |     14C     |
|   333   |  101001101   |     14D     |
|   334   |  101001110   |     14E     |
|   335   |  101001111   |     14F     |
|   336   |  101010000   |     150     |
|   337   |  101010001   |     151     |
|   338   |  101010010   |     152     |
|   339   |  101010011   |     153     |
|   340   |  101010100   |     154     |
|   341   |  101010101   |     155     |
|   342   |  101010110   |     156     |
|   343   |  101010111   |     157     |
|   344   |  101011000   |     158     |
|   345   |  101011001   |     159     |
|   346   |  101011010   |     15A     |
|   347   |  101011011   |     15B     |
|   348   |  101011100   |     15C     |
|   349   |  101011101   |     15D     |
|   350   |  101011110   |     15E     |
|   351   |  101011111   |     15F     |
|   352   |  101100000   |     160     |
|   353   |  101100001   |     161     |
|   354   |  101100010   |     162     |
|   355   |  101100011   |     163     |
|   356   |  101100100   |     164     |
|   357   |  101100101   |     165     |
|   358   |  101100110   |     166     |
|   359   |  101100111   |     167     |
|   360   |  101101000   |     168     |
|   361   |  101101001   |     169     |
|   362   |  101101010   |     16A     |
|   363   |  101101011   |     16B     |
|   364   |  101101100   |     16C     |
|   365   |  101101101   |     16D     |
|   366   |  101101110   |     16E     |
|   367   |  101101111   |     16F     |
|   368   |  101110000   |     170     |
|   369   |  101110001   |     171     |
|   370   |  101110010   |     172     |
|   371   |  101110011   |     173     |
|   372   |  101110100   |     174     |
|   373   |  101110101   |     175     |
|   374   |  101110110   |     176     |
|   375   |  101110111   |     177     |
|   376   |  101111000   |     178     |
|   377   |  101111001   |     179     |
|   378   |  101111010   |     17A     |
|   379   |  101111011   |     17B     |
|   380   |  101111100   |     17C     |
|   381   |  101111101   |     17D     |
|   382   |  101111110   |     17E     |
|   383   |  101111111   |     17F     |
|   384   |  110000000   |     180     |
|   385   |  110000001   |     181     |
|   386   |  110000010   |     182     |
|   387   |  110000011   |     183     |
|   388   |  110000100   |     184     |
|   389   |  110000101   |     185     |
|   390   |  110000110   |     186     |
|   391   |  110000111   |     187     |
|   392   |  110001000   |     188     |
|   393   |  110001001   |     189     |
|   394   |  110001010   |     18A     |
|   395   |  110001011   |     18B     |
|   396   |  110001100   |     18C     |
|   397   |  110001101   |     18D     |
|   398   |  110001110   |     18E     |
|   399   |  110001111   |     18F     |
|   400   |  110010000   |     190     |
|   401   |  110010001   |     191     |
|   402   |  110010010   |     192     |
|   403   |  110010011   |     193     |
|   404   |  110010100   |     194     |
|   405   |  110010101   |     195     |
|   406   |  110010110   |     196     |
|   407   |  110010111   |     197     |
|   408   |  110011000   |     198     |
|   409   |  110011001   |     199     |
|   410   |  110011010   |     19A     |
|   411   |  110011011   |     19B     |
|   412   |  110011100   |     19C     |
|   413   |  110011101   |     19D     |
|   414   |  110011110   |     19E     |
|   415   |  110011111   |     19F     |
|   416   |  110100000   |     1A0     |
|   417   |  110100001   |     1A1     |
|   418   |  110100010   |     1A2     |
|   419   |  110100011   |     1A3     |
|   420   |  110100100   |     1A4     |
|   421   |  110100101   |     1A5     |
|   422   |  110100110   |     1A6     |
|   423   |  110100111   |     1A7     |
|   424   |  110101000   |     1A8     |
|   425   |  110101001   |     1A9     |
|   426   |  110101010   |     1AA     |
|   427   |  110101011   |     1AB     |
|   428   |  110101100   |     1AC     |
|   429   |  110101101   |     1AD     |
|   430   |  110101110   |     1AE     |
|   431   |  110101111   |     1AF     |
|   432   |  110110000   |     1B0     |
|   433   |  110110001   |     1B1     |
|   434   |  110110010   |     1B2     |
|   435   |  110110011   |     1B3     |
|   436   |  110110100   |     1B4     |
|   437   |  110110101   |     1B5     |
|   438   |  110110110   |     1B6     |
|   439   |  110110111   |     1B7     |
|   440   |  110111000   |     1B8     |
|   441   |  110111001   |     1B9     |
|   442   |  110111010   |     1BA     |
|   443   |  110111011   |     1BB     |
|   444   |  110111100   |     1BC     |
|   445   |  110111101   |     1BD     |
|   446   |  110111110   |     1BE     |
|   447   |  110111111   |     1BF     |
|   448   |  111000000   |     1C0     |
|   449   |  111000001   |     1C1     |
|   450   |  111000010   |     1C2     |
|   451   |  111000011   |     1C3     |
|   452   |  111000100   |     1C4     |
|   453   |  111000101   |     1C5     |
|   454   |  111000110   |     1C6     |
|   455   |  111000111   |     1C7     |
|   456   |  111001000   |     1C8     |
|   457   |  111001001   |     1C9     |
|   458   |  111001010   |     1CA     |
|   459   |  111001011   |     1CB     |
|   460   |  111001100   |     1CC     |
|   461   |  111001101   |     1CD     |
|   462   |  111001110   |     1CE     |
|   463   |  111001111   |     1CF     |
|   464   |  111010000   |     1D0     |
|   465   |  111010001   |     1D1     |
|   466   |  111010010   |     1D2     |
|   467   |  111010011   |     1D3     |
|   468   |  111010100   |     1D4     |
|   469   |  111010101   |     1D5     |
|   470   |  111010110   |     1D6     |
|   471   |  111010111   |     1D7     |
|   472   |  111011000   |     1D8     |
|   473   |  111011001   |     1D9     |
|   474   |  111011010   |     1DA     |
|   475   |  111011011   |     1DB     |
|   476   |  111011100   |     1DC     |
|   477   |  111011101   |     1DD     |
|   478   |  111011110   |     1DE     |
|   479   |  111011111   |     1DF     |
|   480   |  111100000   |     1E0     |
|   481   |  111100001   |     1E1     |
|   482   |  111100010   |     1E2     |
|   483   |  111100011   |     1E3     |
|   484   |  111100100   |     1E4     |
|   485   |  111100101   |     1E5     |
|   486   |  111100110   |     1E6     |
|   487   |  111100111   |     1E7     |
|   488   |  111101000   |     1E8     |
|   489   |  111101001   |     1E9     |
|   490   |  111101010   |     1EA     |
|   491   |  111101011   |     1EB     |
|   492   |  111101100   |     1EC     |
|   493   |  111101101   |     1ED     |
|   494   |  111101110   |     1EE     |
|   495   |  111101111   |     1EF     |
|   496   |  111110000   |     1F0     |
|   497   |  111110001   |     1F1     |
|   498   |  111110010   |     1F2     |
|   499   |  111110011   |     1F3     |
|   500   |  111110100   |     1F4     |
|   501   |  111110101   |     1F5     |
|   502   |  111110110   |     1F6     |
|   503   |  111110111   |     1F7     |
|   504   |  111111000   |     1F8     |
|   505   |  111111001   |     1F9     |
|   506   |  111111010   |     1FA     |
|   507   |  111111011   |     1FB     |
|   508   |  111111100   |     1FC     |
|   509   |  111111101   |     1FD     |
|   510   |  111111110   |     1FE     |
|   511   |  111111111   |     1FF     |
|   512   |  1000000000  |     200     |
|   513   |  1000000001  |     201     |
|   514   |  1000000010  |     202     |
|   515   |  1000000011  |     203     |
|   516   |  1000000100  |     204     |
|   517   |  1000000101  |     205     |
|   518   |  1000000110  |     206     |
|   519   |  1000000111  |     207     |
|   520   |  1000001000  |     208     |
|   521   |  1000001001  |     209     |
|   522   |  1000001010  |     20A     |
|   523   |  1000001011  |     20B     |
|   524   |  1000001100  |     20C     |
|   525   |  1000001101  |     20D     |
|   526   |  1000001110  |     20E     |
|   527   |  1000001111  |     20F     |
|   528   |  1000010000  |     210     |
|   529   |  1000010001  |     211     |
|   530   |  1000010010  |     212     |
|   531   |  1000010011  |     213     |
|   532   |  1000010100  |     214     |
|   533   |  1000010101  |     215     |
|   534   |  1000010110  |     216     |
|   535   |  1000010111  |     217     |
|   536   |  1000011000  |     218     |
|   537   |  1000011001  |     219     |
|   538   |  1000011010  |     21A     |
|   539   |  1000011011  |     21B     |
|   540   |  1000011100  |     21C     |
|   541   |  1000011101  |     21D     |
|   542   |  1000011110  |     21E     |
|   543   |  1000011111  |     21F     |
|   544   |  1000100000  |     220     |
|   545   |  1000100001  |     221     |
|   546   |  1000100010  |     222     |
|   547   |  1000100011  |     223     |
|   548   |  1000100100  |     224     |
|   549   |  1000100101  |     225     |
|   550   |  1000100110  |     226     |
|   551   |  1000100111  |     227     |
|   552   |  1000101000  |     228     |
|   553   |  1000101001  |     229     |
|   554   |  1000101010  |     22A     |
|   555   |  1000101011  |     22B     |
|   556   |  1000101100  |     22C     |
|   557   |  1000101101  |     22D     |
|   558   |  1000101110  |     22E     |
|   559   |  1000101111  |     22F     |
|   560   |  1000110000  |     230     |
|   561   |  1000110001  |     231     |
|   562   |  1000110010  |     232     |
|   563   |  1000110011  |     233     |
|   564   |  1000110100  |     234     |
|   565   |  1000110101  |     235     |
|   566   |  1000110110  |     236     |
|   567   |  1000110111  |     237     |
|   568   |  1000111000  |     238     |
|   569   |  1000111001  |     239     |
|   570   |  1000111010  |     23A     |
|   571   |  1000111011  |     23B     |
|   572   |  1000111100  |     23C     |
|   573   |  1000111101  |     23D     |
|   574   |  1000111110  |     23E     |
|   575   |  1000111111  |     23F     |
|   576   |  1001000000  |     240     |
|   577   |  1001000001  |     241     |
|   578   |  1001000010  |     242     |
|   579   |  1001000011  |     243     |
|   580   |  1001000100  |     244     |
|   581   |  1001000101  |     245     |
|   582   |  1001000110  |     246     |
|   583   |  1001000111  |     247     |
|   584   |  1001001000  |     248     |
|   585   |  1001001001  |     249     |
|   586   |  1001001010  |     24A     |
|   587   |  1001001011  |     24B     |
|   588   |  1001001100  |     24C     |
|   589   |  1001001101  |     24D     |
|   590   |  1001001110  |     24E     |
|   591   |  1001001111  |     24F     |
|   592   |  1001010000  |     250     |
|   593   |  1001010001  |     251     |
|   594   |  1001010010  |     252     |
|   595   |  1001010011  |     253     |
|   596   |  1001010100  |     254     |
|   597   |  1001010101  |     255     |
|   598   |  1001010110  |     256     |
|   599   |  1001010111  |     257     |
|   600   |  1001011000  |     258     |
|   601   |  1001011001  |     259     |
|   602   |  1001011010  |     25A     |
|   603   |  1001011011  |     25B     |
|   604   |  1001011100  |     25C     |
|   605   |  1001011101  |     25D     |
|   606   |  1001011110  |     25E     |
|   607   |  1001011111  |     25F     |
|   608   |  1001100000  |     260     |
|   609   |  1001100001  |     261     |
|   610   |  1001100010  |     262     |
|   611   |  1001100011  |     263     |
|   612   |  1001100100  |     264     |
|   613   |  1001100101  |     265     |
|   614   |  1001100110  |     266     |
|   615   |  1001100111  |     267     |
|   616   |  1001101000  |     268     |
|   617   |  1001101001  |     269     |
|   618   |  1001101010  |     26A     |
|   619   |  1001101011  |     26B     |
|   620   |  1001101100  |     26C     |
|   621   |  1001101101  |     26D     |
|   622   |  1001101110  |     26E     |
|   623   |  1001101111  |     26F     |
|   624   |  1001110000  |     270     |
|   625   |  1001110001  |     271     |
|   626   |  1001110010  |     272     |
|   627   |  1001110011  |     273     |
|   628   |  1001110100  |     274     |
|   629   |  1001110101  |     275     |
|   630   |  1001110110  |     276     |
|   631   |  1001110111  |     277     |
|   632   |  1001111000  |     278     |
|   633   |  1001111001  |     279     |
|   634   |  1001111010  |     27A     |
|   635   |  1001111011  |     27B     |
|   636   |  1001111100  |     27C     |
|   637   |  1001111101  |     27D     |
|   638   |  1001111110  |     27E     |
|   639   |  1001111111  |     27F     |
|   640   |  1010000000  |     280     |
|   641   |  1010000001  |     281     |
|   642   |  1010000010  |     282     |
|   643   |  1010000011  |     283     |
|   644   |  1010000100  |     284     |
|   645   |  1010000101  |     285     |
|   646   |  1010000110  |     286     |
|   647   |  1010000111  |     287     |
|   648   |  1010001000  |     288     |
|   649   |  1010001001  |     289     |
|   650   |  1010001010  |     28A     |
|   651   |  1010001011  |     28B     |
|   652   |  1010001100  |     28C     |
|   653   |  1010001101  |     28D     |
|   654   |  1010001110  |     28E     |
|   655   |  1010001111  |     28F     |
|   656   |  1010010000  |     290     |
|   657   |  1010010001  |     291     |
|   658   |  1010010010  |     292     |
|   659   |  1010010011  |     293     |
|   660   |  1010010100  |     294     |
|   661   |  1010010101  |     295     |
|   662   |  1010010110  |     296     |
|   663   |  1010010111  |     297     |
|   664   |  1010011000  |     298     |
|   665   |  1010011001  |     299     |
|   666   |  1010011010  |     29A     |
|   667   |  1010011011  |     29B     |
|   668   |  1010011100  |     29C     |
|   669   |  1010011101  |     29D     |
|   670   |  1010011110  |     29E     |
|   671   |  1010011111  |     29F     |
|   672   |  1010100000  |     2A0     |
|   673   |  1010100001  |     2A1     |
|   674   |  1010100010  |     2A2     |
|   675   |  1010100011  |     2A3     |
|   676   |  1010100100  |     2A4     |
|   677   |  1010100101  |     2A5     |
|   678   |  1010100110  |     2A6     |
|   679   |  1010100111  |     2A7     |
|   680   |  1010101000  |     2A8     |
|   681   |  1010101001  |     2A9     |
|   682   |  1010101010  |     2AA     |
|   683   |  1010101011  |     2AB     |
|   684   |  1010101100  |     2AC     |
|   685   |  1010101101  |     2AD     |
|   686   |  1010101110  |     2AE     |
|   687   |  1010101111  |     2AF     |
|   688   |  1010110000  |     2B0     |
|   689   |  1010110001  |     2B1     |
|   690   |  1010110010  |     2B2     |
|   691   |  1010110011  |     2B3     |
|   692   |  1010110100  |     2B4     |
|   693   |  1010110101  |     2B5     |
|   694   |  1010110110  |     2B6     |
|   695   |  1010110111  |     2B7     |
|   696   |  1010111000  |     2B8     |
|   697   |  1010111001  |     2B9     |
|   698   |  1010111010  |     2BA     |
|   699   |  1010111011  |     2BB     |
|   700   |  1010111100  |     2BC     |
|   701   |  1010111101  |     2BD     |
|   702   |  1010111110  |     2BE     |
|   703   |  1010111111  |     2BF     |
|   704   |  1011000000  |     2C0     |
|   705   |  1011000001  |     2C1     |
|   706   |  1011000010  |     2C2     |
|   707   |  1011000011  |     2C3     |
|   708   |  1011000100  |     2C4     |
|   709   |  1011000101  |     2C5     |
|   710   |  1011000110  |     2C6     |
|   711   |  1011000111  |     2C7     |
|   712   |  1011001000  |     2C8     |
|   713   |  1011001001  |     2C9     |
|   714   |  1011001010  |     2CA     |
|   715   |  1011001011  |     2CB     |
|   716   |  1011001100  |     2CC     |
|   717   |  1011001101  |     2CD     |
|   718   |  1011001110  |     2CE     |
|   719   |  1011001111  |     2CF     |
|   720   |  1011010000  |     2D0     |
|   721   |  1011010001  |     2D1     |
|   722   |  1011010010  |     2D2     |
|   723   |  1011010011  |     2D3     |
|   724   |  1011010100  |     2D4     |
|   725   |  1011010101  |     2D5     |
|   726   |  1011010110  |     2D6     |
|   727   |  1011010111  |     2D7     |
|   728   |  1011011000  |     2D8     |
|   729   |  1011011001  |     2D9     |
|   730   |  1011011010  |     2DA     |
|   731   |  1011011011  |     2DB     |
|   732   |  1011011100  |     2DC     |
|   733   |  1011011101  |     2DD     |
|   734   |  1011011110  |     2DE     |
|   735   |  1011011111  |     2DF     |
|   736   |  1011100000  |     2E0     |
|   737   |  1011100001  |     2E1     |
|   738   |  1011100010  |     2E2     |
|   739   |  1011100011  |     2E3     |
|   740   |  1011100100  |     2E4     |
|   741   |  1011100101  |     2E5     |
|   742   |  1011100110  |     2E6     |
|   743   |  1011100111  |     2E7     |
|   744   |  1011101000  |     2E8     |
|   745   |  1011101001  |     2E9     |
|   746   |  1011101010  |     2EA     |
|   747   |  1011101011  |     2EB     |
|   748   |  1011101100  |     2EC     |
|   749   |  1011101101  |     2ED     |
|   750   |  1011101110  |     2EE     |
|   751   |  1011101111  |     2EF     |
|   752   |  1011110000  |     2F0     |
|   753   |  1011110001  |     2F1     |
|   754   |  1011110010  |     2F2     |
|   755   |  1011110011  |     2F3     |
|   756   |  1011110100  |     2F4     |
|   757   |  1011110101  |     2F5     |
|   758   |  1011110110  |     2F6     |
|   759   |  1011110111  |     2F7     |
|   760   |  1011111000  |     2F8     |
|   761   |  1011111001  |     2F9     |
|   762   |  1011111010  |     2FA     |
|   763   |  1011111011  |     2FB     |
|   764   |  1011111100  |     2FC     |
|   765   |  1011111101  |     2FD     |
|   766   |  1011111110  |     2FE     |
|   767   |  1011111111  |     2FF     |
|   768   |  1100000000  |     300     |
|   769   |  1100000001  |     301     |
|   770   |  1100000010  |     302     |
|   771   |  1100000011  |     303     |
|   772   |  1100000100  |     304     |
|   773   |  1100000101  |     305     |
|   774   |  1100000110  |     306     |
|   775   |  1100000111  |     307     |
|   776   |  1100001000  |     308     |
|   777   |  1100001001  |     309     |
|   778   |  1100001010  |     30A     |
|   779   |  1100001011  |     30B     |
|   780   |  1100001100  |     30C     |
|   781   |  1100001101  |     30D     |
|   782   |  1100001110  |     30E     |
|   783   |  1100001111  |     30F     |
|   784   |  1100010000  |     310     |
|   785   |  1100010001  |     311     |
|   786   |  1100010010  |     312     |
|   787   |  1100010011  |     313     |
|   788   |  1100010100  |     314     |
|   789   |  1100010101  |     315     |
|   790   |  1100010110  |     316     |
|   791   |  1100010111  |     317     |
|   792   |  1100011000  |     318     |
|   793   |  1100011001  |     319     |
|   794   |  1100011010  |     31A     |
|   795   |  1100011011  |     31B     |
|   796   |  1100011100  |     31C     |
|   797   |  1100011101  |     31D     |
|   798   |  1100011110  |     31E     |
|   799   |  1100011111  |     31F     |
|   800   |  1100100000  |     320     |
|   801   |  1100100001  |     321     |
|   802   |  1100100010  |     322     |
|   803   |  1100100011  |     323     |
|   804   |  1100100100  |     324     |
|   805   |  1100100101  |     325     |
|   806   |  1100100110  |     326     |
|   807   |  1100100111  |     327     |
|   808   |  1100101000  |     328     |
|   809   |  1100101001  |     329     |
|   810   |  1100101010  |     32A     |
|   811   |  1100101011  |     32B     |
|   812   |  1100101100  |     32C     |
|   813   |  1100101101  |     32D     |
|   814   |  1100101110  |     32E     |
|   815   |  1100101111  |     32F     |
|   816   |  1100110000  |     330     |
|   817   |  1100110001  |     331     |
|   818   |  1100110010  |     332     |
|   819   |  1100110011  |     333     |
|   820   |  1100110100  |     334     |
|   821   |  1100110101  |     335     |
|   822   |  1100110110  |     336     |
|   823   |  1100110111  |     337     |
|   824   |  1100111000  |     338     |
|   825   |  1100111001  |     339     |
|   826   |  1100111010  |     33A     |
|   827   |  1100111011  |     33B     |
|   828   |  1100111100  |     33C     |
|   829   |  1100111101  |     33D     |
|   830   |  1100111110  |     33E     |
|   831   |  1100111111  |     33F     |
|   832   |  1101000000  |     340     |
|   833   |  1101000001  |     341     |
|   834   |  1101000010  |     342     |
|   835   |  1101000011  |     343     |
|   836   |  1101000100  |     344     |
|   837   |  1101000101  |     345     |
|   838   |  1101000110  |     346     |
|   839   |  1101000111  |     347     |
|   840   |  1101001000  |     348     |
|   841   |  1101001001  |     349     |
|   842   |  1101001010  |     34A     |
|   843   |  1101001011  |     34B     |
|   844   |  1101001100  |     34C     |
|   845   |  1101001101  |     34D     |
|   846   |  1101001110  |     34E     |
|   847   |  1101001111  |     34F     |
|   848   |  1101010000  |     350     |
|   849   |  1101010001  |     351     |
|   850   |  1101010010  |     352     |
|   851   |  1101010011  |     353     |
|   852   |  1101010100  |     354     |
|   853   |  1101010101  |     355     |
|   854   |  1101010110  |     356     |
|   855   |  1101010111  |     357     |
|   856   |  1101011000  |     358     |
|   857   |  1101011001  |     359     |
|   858   |  1101011010  |     35A     |
|   859   |  1101011011  |     35B     |
|   860   |  1101011100  |     35C     |
|   861   |  1101011101  |     35D     |
|   862   |  1101011110  |     35E     |
|   863   |  1101011111  |     35F     |
|   864   |  1101100000  |     360     |
|   865   |  1101100001  |     361     |
|   866   |  1101100010  |     362     |
|   867   |  1101100011  |     363     |
|   868   |  1101100100  |     364     |
|   869   |  1101100101  |     365     |
|   870   |  1101100110  |     366     |
|   871   |  1101100111  |     367     |
|   872   |  1101101000  |     368     |
|   873   |  1101101001  |     369     |
|   874   |  1101101010  |     36A     |
|   875   |  1101101011  |     36B     |
|   876   |  1101101100  |     36C     |
|   877   |  1101101101  |     36D     |
|   878   |  1101101110  |     36E     |
|   879   |  1101101111  |     36F     |
|   880   |  1101110000  |     370     |
|   881   |  1101110001  |     371     |
|   882   |  1101110010  |     372     |
|   883   |  1101110011  |     373     |
|   884   |  1101110100  |     374     |
|   885   |  1101110101  |     375     |
|   886   |  1101110110  |     376     |
|   887   |  1101110111  |     377     |
|   888   |  1101111000  |     378     |
|   889   |  1101111001  |     379     |
|   890   |  1101111010  |     37A     |
|   891   |  1101111011  |     37B     |
|   892   |  1101111100  |     37C     |
|   893   |  1101111101  |     37D     |
|   894   |  1101111110  |     37E     |
|   895   |  1101111111  |     37F     |
|   896   |  1110000000  |     380     |
|   897   |  1110000001  |     381     |
|   898   |  1110000010  |     382     |
|   899   |  1110000011  |     383     |
|   900   |  1110000100  |     384     |
|   901   |  1110000101  |     385     |
|   902   |  1110000110  |     386     |
|   903   |  1110000111  |     387     |
|   904   |  1110001000  |     388     |
|   905   |  1110001001  |     389     |
|   906   |  1110001010  |     38A     |
|   907   |  1110001011  |     38B     |
|   908   |  1110001100  |     38C     |
|   909   |  1110001101  |     38D     |
|   910   |  1110001110  |     38E     |
|   911   |  1110001111  |     38F     |
|   912   |  1110010000  |     390     |
|   913   |  1110010001  |     391     |
|   914   |  1110010010  |     392     |
|   915   |  1110010011  |     393     |
|   916   |  1110010100  |     394     |
|   917   |  1110010101  |     395     |
|   918   |  1110010110  |     396     |
|   919   |  1110010111  |     397     |
|   920   |  1110011000  |     398     |
|   921   |  1110011001  |     399     |
|   922   |  1110011010  |     39A     |
|   923   |  1110011011  |     39B     |
|   924   |  1110011100  |     39C     |
|   925   |  1110011101  |     39D     |
|   926   |  1110011110  |     39E     |
|   927   |  1110011111  |     39F     |
|   928   |  1110100000  |     3A0     |
|   929   |  1110100001  |     3A1     |
|   930   |  1110100010  |     3A2     |
|   931   |  1110100011  |     3A3     |
|   932   |  1110100100  |     3A4     |
|   933   |  1110100101  |     3A5     |
|   934   |  1110100110  |     3A6     |
|   935   |  1110100111  |     3A7     |
|   936   |  1110101000  |     3A8     |
|   937   |  1110101001  |     3A9     |
|   938   |  1110101010  |     3AA     |
|   939   |  1110101011  |     3AB     |
|   940   |  1110101100  |     3AC     |
|   941   |  1110101101  |     3AD     |
|   942   |  1110101110  |     3AE     |
|   943   |  1110101111  |     3AF     |
|   944   |  1110110000  |     3B0     |
|   945   |  1110110001  |     3B1     |
|   946   |  1110110010  |     3B2     |
|   947   |  1110110011  |     3B3     |
|   948   |  1110110100  |     3B4     |
|   949   |  1110110101  |     3B5     |
|   950   |  1110110110  |     3B6     |
|   951   |  1110110111  |     3B7     |
|   952   |  1110111000  |     3B8     |
|   953   |  1110111001  |     3B9     |
|   954   |  1110111010  |     3BA     |
|   955   |  1110111011  |     3BB     |
|   956   |  1110111100  |     3BC     |
|   957   |  1110111101  |     3BD     |
|   958   |  1110111110  |     3BE     |
|   959   |  1110111111  |     3BF     |
|   960   |  1111000000  |     3C0     |
|   961   |  1111000001  |     3C1     |
|   962   |  1111000010  |     3C2     |
|   963   |  1111000011  |     3C3     |
|   964   |  1111000100  |     3C4     |
|   965   |  1111000101  |     3C5     |
|   966   |  1111000110  |     3C6     |
|   967   |  1111000111  |     3C7     |
|   968   |  1111001000  |     3C8     |
|   969   |  1111001001  |     3C9     |
|   970   |  1111001010  |     3CA     |
|   971   |  1111001011  |     3CB     |
|   972   |  1111001100  |     3CC     |
|   973   |  1111001101  |     3CD     |
|   974   |  1111001110  |     3CE     |
|   975   |  1111001111  |     3CF     |
|   976   |  1111010000  |     3D0     |
|   977   |  1111010001  |     3D1     |
|   978   |  1111010010  |     3D2     |
|   979   |  1111010011  |     3D3     |
|   980   |  1111010100  |     3D4     |
|   981   |  1111010101  |     3D5     |
|   982   |  1111010110  |     3D6     |
|   983   |  1111010111  |     3D7     |
|   984   |  1111011000  |     3D8     |
|   985   |  1111011001  |     3D9     |
|   986   |  1111011010  |     3DA     |
|   987   |  1111011011  |     3DB     |
|   988   |  1111011100  |     3DC     |
|   989   |  1111011101  |     3DD     |
|   990   |  1111011110  |     3DE     |
|   991   |  1111011111  |     3DF     |
|   992   |  1111100000  |     3E0     |
|   993   |  1111100001  |     3E1     |
|   994   |  1111100010  |     3E2     |
|   995   |  1111100011  |     3E3     |
|   996   |  1111100100  |     3E4     |
|   997   |  1111100101  |     3E5     |
|   998   |  1111100110  |     3E6     |
|   999   |  1111100111  |     3E7     |
|   1000  |  1111101000  |     3E8     |
|   1001  |  1111101001  |     3E9     |
|   1002  |  1111101010  |     3EA     |
|   1003  |  1111101011  |     3EB     |
|   1004  |  1111101100  |     3EC     |
|   1005  |  1111101101  |     3ED     |
|   1006  |  1111101110  |     3EE     |
|   1007  |  1111101111  |     3EF     |
|   1008  |  1111110000  |     3F0     |
|   1009  |  1111110001  |     3F1     |
|   1010  |  1111110010  |     3F2     |
|   1011  |  1111110011  |     3F3     |
|   1012  |  1111110100  |     3F4     |
|   1013  |  1111110101  |     3F5     |
|   1014  |  1111110110  |     3F6     |
|   1015  |  1111110111  |     3F7     |
|   1016  |  1111111000  |     3F8     |
|   1017  |  1111111001  |     3F9     |
|   1018  |  1111111010  |     3FA     |
|   1019  |  1111111011  |     3FB     |
|   1020  |  1111111100  |     3FC     |
|   1021  |  1111111101  |     3FD     |
|   1022  |  1111111110  |     3FE     |
|   1023  |  1111111111  |     3FF     |
|   1024  | 10000000000  |     400     |
|   1025  | 10000000001  |     401     |
|   1026  | 10000000010  |     402     |
|   1027  | 10000000011  |     403     |
|   1028  | 10000000100  |     404     |
|   1029  | 10000000101  |     405     |
|   1030  | 10000000110  |     406     |
|   1031  | 10000000111  |     407     |
|   1032  | 10000001000  |     408     |
|   1033  | 10000001001  |     409     |
|   1034  | 10000001010  |     40A     |
|   1035  | 10000001011  |     40B     |
|   1036  | 10000001100  |     40C     |
|   1037  | 10000001101  |     40D     |
|   1038  | 10000001110  |     40E     |
|   1039  | 10000001111  |     40F     |
|   1040  | 10000010000  |     410     |
|   1041  | 10000010001  |     411     |
|   1042  | 10000010010  |     412     |
|   1043  | 10000010011  |     413     |
|   1044  | 10000010100  |     414     |
|   1045  | 10000010101  |     415     |
|   1046  | 10000010110  |     416     |
|   1047  | 10000010111  |     417     |
|   1048  | 10000011000  |     418     |
|   1049  | 10000011001  |     419     |
|   1050  | 10000011010  |     41A     |
|   1051  | 10000011011  |     41B     |
|   1052  | 10000011100  |     41C     |
|   1053  | 10000011101  |     41D     |
|   1054  | 10000011110  |     41E     |
|   1055  | 10000011111  |     41F     |
|   1056  | 10000100000  |     420     |
|   1057  | 10000100001  |     421     |
|   1058  | 10000100010  |     422     |
|   1059  | 10000100011  |     423     |
|   1060  | 10000100100  |     424     |
|   1061  | 10000100101  |     425     |
|   1062  | 10000100110  |     426     |
|   1063  | 10000100111  |     427     |
|   1064  | 10000101000  |     428     |
|   1065  | 10000101001  |     429     |
|   1066  | 10000101010  |     42A     |
|   1067  | 10000101011  |     42B     |
|   1068  | 10000101100  |     42C     |
|   1069  | 10000101101  |     42D     |
|   1070  | 10000101110  |     42E     |
|   1071  | 10000101111  |     42F     |
|   1072  | 10000110000  |     430     |
|   1073  | 10000110001  |     431     |
|   1074  | 10000110010  |     432     |
|   1075  | 10000110011  |     433     |
|   1076  | 10000110100  |     434     |
|   1077  | 10000110101  |     435     |
|   1078  | 10000110110  |     436     |
|   1079  | 10000110111  |     437     |
|   1080  | 10000111000  |     438     |
|   1081  | 10000111001  |     439     |
|   1082  | 10000111010  |     43A     |
|   1083  | 10000111011  |     43B     |
|   1084  | 10000111100  |     43C     |
|   1085  | 10000111101  |     43D     |
|   1086  | 10000111110  |     43E     |
|   1087  | 10000111111  |     43F     |
|   1088  | 10001000000  |     440     |
|   1089  | 10001000001  |     441     |
|   1090  | 10001000010  |     442     |
|   1091  | 10001000011  |     443     |
|   1092  | 10001000100  |     444     |
|   1093  | 10001000101  |     445     |
|   1094  | 10001000110  |     446     |
|   1095  | 10001000111  |     447     |
|   1096  | 10001001000  |     448     |
|   1097  | 10001001001  |     449     |
|   1098  | 10001001010  |     44A     |
|   1099  | 10001001011  |     44B     |
|   1100  | 10001001100  |     44C     |
|   1101  | 10001001101  |     44D     |
|   1102  | 10001001110  |     44E     |
|   1103  | 10001001111  |     44F     |
|   1104  | 10001010000  |     450     |
|   1105  | 10001010001  |     451     |
|   1106  | 10001010010  |     452     |
|   1107  | 10001010011  |     453     |
|   1108  | 10001010100  |     454     |
|   1109  | 10001010101  |     455     |
|   1110  | 10001010110  |     456     |
|   1111  | 10001010111  |     457     |
|   1112  | 10001011000  |     458     |
|   1113  | 10001011001  |     459     |
|   1114  | 10001011010  |     45A     |
|   1115  | 10001011011  |     45B     |
|   1116  | 10001011100  |     45C     |
|   1117  | 10001011101  |     45D     |
|   1118  | 10001011110  |     45E     |
|   1119  | 10001011111  |     45F     |
|   1120  | 10001100000  |     460     |
|   1121  | 10001100001  |     461     |
|   1122  | 10001100010  |     462     |
|   1123  | 10001100011  |     463     |
|   1124  | 10001100100  |     464     |
|   1125  | 10001100101  |     465     |
|   1126  | 10001100110  |     466     |
|   1127  | 10001100111  |     467     |
|   1128  | 10001101000  |     468     |
|   1129  | 10001101001  |     469     |
|   1130  | 10001101010  |     46A     |
|   1131  | 10001101011  |     46B     |
|   1132  | 10001101100  |     46C     |
|   1133  | 10001101101  |     46D     |
|   1134  | 10001101110  |     46E     |
|   1135  | 10001101111  |     46F     |
|   1136  | 10001110000  |     470     |
|   1137  | 10001110001  |     471     |
|   1138  | 10001110010  |     472     |
|   1139  | 10001110011  |     473     |
|   1140  | 10001110100  |     474     |
|   1141  | 10001110101  |     475     |
|   1142  | 10001110110  |     476     |
|   1143  | 10001110111  |     477     |
|   1144  | 10001111000  |     478     |
|   1145  | 10001111001  |     479     |
|   1146  | 10001111010  |     47A     |
|   1147  | 10001111011  |     47B     |
|   1148  | 10001111100  |     47C     |
|   1149  | 10001111101  |     47D     |
|   1150  | 10001111110  |     47E     |
|   1151  | 10001111111  |     47F     |
|   1152  | 10010000000  |     480     |
|   1153  | 10010000001  |     481     |
|   1154  | 10010000010  |     482     |
|   1155  | 10010000011  |     483     |
|   1156  | 10010000100  |     484     |
|   1157  | 10010000101  |     485     |
|   1158  | 10010000110  |     486     |
|   1159  | 10010000111  |     487     |
|   1160  | 10010001000  |     488     |
|   1161  | 10010001001  |     489     |
|   1162  | 10010001010  |     48A     |
|   1163  | 10010001011  |     48B     |
|   1164  | 10010001100  |     48C     |
|   1165  | 10010001101  |     48D     |
|   1166  | 10010001110  |     48E     |
|   1167  | 10010001111  |     48F     |
|   1168  | 10010010000  |     490     |
|   1169  | 10010010001  |     491     |
|   1170  | 10010010010  |     492     |
|   1171  | 10010010011  |     493     |
|   1172  | 10010010100  |     494     |
|   1173  | 10010010101  |     495     |
|   1174  | 10010010110  |     496     |
|   1175  | 10010010111  |     497     |
|   1176  | 10010011000  |     498     |
|   1177  | 10010011001  |     499     |
|   1178  | 10010011010  |     49A     |
|   1179  | 10010011011  |     49B     |
|   1180  | 10010011100  |     49C     |
|   1181  | 10010011101  |     49D     |
|   1182  | 10010011110  |     49E     |
|   1183  | 10010011111  |     49F     |
|   1184  | 10010100000  |     4A0     |
|   1185  | 10010100001  |     4A1     |
|   1186  | 10010100010  |     4A2     |
|   1187  | 10010100011  |     4A3     |
|   1188  | 10010100100  |     4A4     |
|   1189  | 10010100101  |     4A5     |
|   1190  | 10010100110  |     4A6     |
|   1191  | 10010100111  |     4A7     |
|   1192  | 10010101000  |     4A8     |
|   1193  | 10010101001  |     4A9     |
|   1194  | 10010101010  |     4AA     |
|   1195  | 10010101011  |     4AB     |
|   1196  | 10010101100  |     4AC     |
|   1197  | 10010101101  |     4AD     |
|   1198  | 10010101110  |     4AE     |
|   1199  | 10010101111  |     4AF     |
|   1200  | 10010110000  |     4B0     |
|   1201  | 10010110001  |     4B1     |
|   1202  | 10010110010  |     4B2     |
|   1203  | 10010110011  |     4B3     |
|   1204  | 10010110100  |     4B4     |
|   1205  | 10010110101  |     4B5     |
|   1206  | 10010110110  |     4B6     |
|   1207  | 10010110111  |     4B7     |
|   1208  | 10010111000  |     4B8     |
|   1209  | 10010111001  |     4B9     |
|   1210  | 10010111010  |     4BA     |
|   1211  | 10010111011  |     4BB     |
|   1212  | 10010111100  |     4BC     |
|   1213  | 10010111101  |     4BD     |
|   1214  | 10010111110  |     4BE     |
|   1215  | 10010111111  |     4BF     |
|   1216  | 10011000000  |     4C0     |
|   1217  | 10011000001  |     4C1     |
|   1218  | 10011000010  |     4C2     |
|   1219  | 10011000011  |     4C3     |
|   1220  | 10011000100  |     4C4     |
|   1221  | 10011000101  |     4C5     |
|   1222  | 10011000110  |     4C6     |
|   1223  | 10011000111  |     4C7     |
|   1224  | 10011001000  |     4C8     |
|   1225  | 10011001001  |     4C9     |
|   1226  | 10011001010  |     4CA     |
|   1227  | 10011001011  |     4CB     |
|   1228  | 10011001100  |     4CC     |
|   1229  | 10011001101  |     4CD     |
|   1230  | 10011001110  |     4CE     |
|   1231  | 10011001111  |     4CF     |
|   1232  | 10011010000  |     4D0     |
|   1233  | 10011010001  |     4D1     |
|   1234  | 10011010010  |     4D2     |
|   1235  | 10011010011  |     4D3     |
|   1236  | 10011010100  |     4D4     |
|   1237  | 10011010101  |     4D5     |
|   1238  | 10011010110  |     4D6     |
|   1239  | 10011010111  |     4D7     |
|   1240  | 10011011000  |     4D8     |
|   1241  | 10011011001  |     4D9     |
|   1242  | 10011011010  |     4DA     |
|   1243  | 10011011011  |     4DB     |
|   1244  | 10011011100  |     4DC     |
|   1245  | 10011011101  |     4DD     |
|   1246  | 10011011110  |     4DE     |
|   1247  | 10011011111  |     4DF     |
|   1248  | 10011100000  |     4E0     |
|   1249  | 10011100001  |     4E1     |
|   1250  | 10011100010  |     4E2     |
|   1251  | 10011100011  |     4E3     |
|   1252  | 10011100100  |     4E4     |
|   1253  | 10011100101  |     4E5     |
|   1254  | 10011100110  |     4E6     |
|   1255  | 10011100111  |     4E7     |
|   1256  | 10011101000  |     4E8     |
|   1257  | 10011101001  |     4E9     |
|   1258  | 10011101010  |     4EA     |
|   1259  | 10011101011  |     4EB     |
|   1260  | 10011101100  |     4EC     |
|   1261  | 10011101101  |     4ED     |
|   1262  | 10011101110  |     4EE     |
|   1263  | 10011101111  |     4EF     |
|   1264  | 10011110000  |     4F0     |
|   1265  | 10011110001  |     4F1     |
|   1266  | 10011110010  |     4F2     |
|   1267  | 10011110011  |     4F3     |
|   1268  | 10011110100  |     4F4     |
|   1269  | 10011110101  |     4F5     |
|   1270  | 10011110110  |     4F6     |
|   1271  | 10011110111  |     4F7     |
|   1272  | 10011111000  |     4F8     |
|   1273  | 10011111001  |     4F9     |
|   1274  | 10011111010  |     4FA     |
|   1275  | 10011111011  |     4FB     |
|   1276  | 10011111100  |     4FC     |
|   1277  | 10011111101  |     4FD     |
|   1278  | 10011111110  |     4FE     |
|   1279  | 10011111111  |     4FF     |
|   1280  | 10100000000  |     500     |
|   1281  | 10100000001  |     501     |
|   1282  | 10100000010  |     502     |
|   1283  | 10100000011  |     503     |
|   1284  | 10100000100  |     504     |
|   1285  | 10100000101  |     505     |
|   1286  | 10100000110  |     506     |
|   1287  | 10100000111  |     507     |
|   1288  | 10100001000  |     508     |
|   1289  | 10100001001  |     509     |
|   1290  | 10100001010  |     50A     |
|   1291  | 10100001011  |     50B     |
|   1292  | 10100001100  |     50C     |
|   1293  | 10100001101  |     50D     |
|   1294  | 10100001110  |     50E     |
|   1295  | 10100001111  |     50F     |
|   1296  | 10100010000  |     510     |
|   1297  | 10100010001  |     511     |
|   1298  | 10100010010  |     512     |
|   1299  | 10100010011  |     513     |
|   1300  | 10100010100  |     514     |
|   1301  | 10100010101  |     515     |
|   1302  | 10100010110  |     516     |
|   1303  | 10100010111  |     517     |
|   1304  | 10100011000  |     518     |
|   1305  | 10100011001  |     519     |
|   1306  | 10100011010  |     51A     |
|   1307  | 10100011011  |     51B     |
|   1308  | 10100011100  |     51C     |
|   1309  | 10100011101  |     51D     |
|   1310  | 10100011110  |     51E     |
|   1311  | 10100011111  |     51F     |
|   1312  | 10100100000  |     520     |
|   1313  | 10100100001  |     521     |
|   1314  | 10100100010  |     522     |
|   1315  | 10100100011  |     523     |
|   1316  | 10100100100  |     524     |
|   1317  | 10100100101  |     525     |
|   1318  | 10100100110  |     526     |
|   1319  | 10100100111  |     527     |
|   1320  | 10100101000  |     528     |
|   1321  | 10100101001  |     529     |
|   1322  | 10100101010  |     52A     |
|   1323  | 10100101011  |     52B     |
|   1324  | 10100101100  |     52C     |
|   1325  | 10100101101  |     52D     |
|   1326  | 10100101110  |     52E     |
|   1327  | 10100101111  |     52F     |
|   1328  | 10100110000  |     530     |
|   1329  | 10100110001  |     531     |
|   1330  | 10100110010  |     532     |
|   1331  | 10100110011  |     533     |
|   1332  | 10100110100  |     534     |
|   1333  | 10100110101  |     535     |
|   1334  | 10100110110  |     536     |
|   1335  | 10100110111  |     537     |
|   1336  | 10100111000  |     538     |
|   1337  | 10100111001  |     539     |
|   1338  | 10100111010  |     53A     |
|   1339  | 10100111011  |     53B     |
|   1340  | 10100111100  |     53C     |
|   1341  | 10100111101  |     53D     |
|   1342  | 10100111110  |     53E     |
|   1343  | 10100111111  |     53F     |
|   1344  | 10101000000  |     540     |
|   1345  | 10101000001  |     541     |
|   1346  | 10101000010  |     542     |
|   1347  | 10101000011  |     543     |
|   1348  | 10101000100  |     544     |
|   1349  | 10101000101  |     545     |
|   1350  | 10101000110  |     546     |
|   1351  | 10101000111  |     547     |
|   1352  | 10101001000  |     548     |
|   1353  | 10101001001  |     549     |
|   1354  | 10101001010  |     54A     |
|   1355  | 10101001011  |     54B     |
|   1356  | 10101001100  |     54C     |
|   1357  | 10101001101  |     54D     |
|   1358  | 10101001110  |     54E     |
|   1359  | 10101001111  |     54F     |
|   1360  | 10101010000  |     550     |
|   1361  | 10101010001  |     551     |
|   1362  | 10101010010  |     552     |
|   1363  | 10101010011  |     553     |
|   1364  | 10101010100  |     554     |
|   1365  | 10101010101  |     555     |
|   1366  | 10101010110  |     556     |
|   1367  | 10101010111  |     557     |
|   1368  | 10101011000  |     558     |
|   1369  | 10101011001  |     559     |
|   1370  | 10101011010  |     55A     |
|   1371  | 10101011011  |     55B     |
|   1372  | 10101011100  |     55C     |
|   1373  | 10101011101  |     55D     |
|   1374  | 10101011110  |     55E     |
|   1375  | 10101011111  |     55F     |
|   1376  | 10101100000  |     560     |
|   1377  | 10101100001  |     561     |
|   1378  | 10101100010  |     562     |
|   1379  | 10101100011  |     563     |
|   1380  | 10101100100  |     564     |
|   1381  | 10101100101  |     565     |
|   1382  | 10101100110  |     566     |
|   1383  | 10101100111  |     567     |
|   1384  | 10101101000  |     568     |
|   1385  | 10101101001  |     569     |
|   1386  | 10101101010  |     56A     |
|   1387  | 10101101011  |     56B     |
|   1388  | 10101101100  |     56C     |
|   1389  | 10101101101  |     56D     |
|   1390  | 10101101110  |     56E     |
|   1391  | 10101101111  |     56F     |
|   1392  | 10101110000  |     570     |
|   1393  | 10101110001  |     571     |
|   1394  | 10101110010  |     572     |
|   1395  | 10101110011  |     573     |
|   1396  | 10101110100  |     574     |
|   1397  | 10101110101  |     575     |
|   1398  | 10101110110  |     576     |
|   1399  | 10101110111  |     577     |
|   1400  | 10101111000  |     578     |
|   1401  | 10101111001  |     579     |
|   1402  | 10101111010  |     57A     |
|   1403  | 10101111011  |     57B     |
|   1404  | 10101111100  |     57C     |
|   1405  | 10101111101  |     57D     |
|   1406  | 10101111110  |     57E     |
|   1407  | 10101111111  |     57F     |
|   1408  | 10110000000  |     580     |
|   1409  | 10110000001  |     581     |
|   1410  | 10110000010  |     582     |
|   1411  | 10110000011  |     583     |
|   1412  | 10110000100  |     584     |
|   1413  | 10110000101  |     585     |
|   1414  | 10110000110  |     586     |
|   1415  | 10110000111  |     587     |
|   1416  | 10110001000  |     588     |
|   1417  | 10110001001  |     589     |
|   1418  | 10110001010  |     58A     |
|   1419  | 10110001011  |     58B     |
|   1420  | 10110001100  |     58C     |
|   1421  | 10110001101  |     58D     |
|   1422  | 10110001110  |     58E     |
|   1423  | 10110001111  |     58F     |
|   1424  | 10110010000  |     590     |
|   1425  | 10110010001  |     591     |
|   1426  | 10110010010  |     592     |
|   1427  | 10110010011  |     593     |
|   1428  | 10110010100  |     594     |
|   1429  | 10110010101  |     595     |
|   1430  | 10110010110  |     596     |
|   1431  | 10110010111  |     597     |
|   1432  | 10110011000  |     598     |
|   1433  | 10110011001  |     599     |
|   1434  | 10110011010  |     59A     |
|   1435  | 10110011011  |     59B     |
|   1436  | 10110011100  |     59C     |
|   1437  | 10110011101  |     59D     |
|   1438  | 10110011110  |     59E     |
|   1439  | 10110011111  |     59F     |
|   1440  | 10110100000  |     5A0     |
|   1441  | 10110100001  |     5A1     |
|   1442  | 10110100010  |     5A2     |
|   1443  | 10110100011  |     5A3     |
|   1444  | 10110100100  |     5A4     |
|   1445  | 10110100101  |     5A5     |
|   1446  | 10110100110  |     5A6     |
|   1447  | 10110100111  |     5A7     |
|   1448  | 10110101000  |     5A8     |
|   1449  | 10110101001  |     5A9     |
|   1450  | 10110101010  |     5AA     |
|   1451  | 10110101011  |     5AB     |
|   1452  | 10110101100  |     5AC     |
|   1453  | 10110101101  |     5AD     |
|   1454  | 10110101110  |     5AE     |
|   1455  | 10110101111  |     5AF     |
|   1456  | 10110110000  |     5B0     |
|   1457  | 10110110001  |     5B1     |
|   1458  | 10110110010  |     5B2     |
|   1459  | 10110110011  |     5B3     |
|   1460  | 10110110100  |     5B4     |
|   1461  | 10110110101  |     5B5     |
|   1462  | 10110110110  |     5B6     |
|   1463  | 10110110111  |     5B7     |
|   1464  | 10110111000  |     5B8     |
|   1465  | 10110111001  |     5B9     |
|   1466  | 10110111010  |     5BA     |
|   1467  | 10110111011  |     5BB     |
|   1468  | 10110111100  |     5BC     |
|   1469  | 10110111101  |     5BD     |
|   1470  | 10110111110  |     5BE     |
|   1471  | 10110111111  |     5BF     |
|   1472  | 10111000000  |     5C0     |
|   1473  | 10111000001  |     5C1     |
|   1474  | 10111000010  |     5C2     |
|   1475  | 10111000011  |     5C3     |
|   1476  | 10111000100  |     5C4     |
|   1477  | 10111000101  |     5C5     |
|   1478  | 10111000110  |     5C6     |
|   1479  | 10111000111  |     5C7     |
|   1480  | 10111001000  |     5C8     |
|   1481  | 10111001001  |     5C9     |
|   1482  | 10111001010  |     5CA     |
|   1483  | 10111001011  |     5CB     |
|   1484  | 10111001100  |     5CC     |
|   1485  | 10111001101  |     5CD     |
|   1486  | 10111001110  |     5CE     |
|   1487  | 10111001111  |     5CF     |
|   1488  | 10111010000  |     5D0     |
|   1489  | 10111010001  |     5D1     |
|   1490  | 10111010010  |     5D2     |
|   1491  | 10111010011  |     5D3     |
|   1492  | 10111010100  |     5D4     |
|   1493  | 10111010101  |     5D5     |
|   1494  | 10111010110  |     5D6     |
|   1495  | 10111010111  |     5D7     |
|   1496  | 10111011000  |     5D8     |
|   1497  | 10111011001  |     5D9     |
|   1498  | 10111011010  |     5DA     |
|   1499  | 10111011011  |     5DB     |
|   1500  | 10111011100  |     5DC     |
|   1501  | 10111011101  |     5DD     |
|   1502  | 10111011110  |     5DE     |
|   1503  | 10111011111  |     5DF     |
|   1504  | 10111100000  |     5E0     |
|   1505  | 10111100001  |     5E1     |
|   1506  | 10111100010  |     5E2     |
|   1507  | 10111100011  |     5E3     |
|   1508  | 10111100100  |     5E4     |
|   1509  | 10111100101  |     5E5     |
|   1510  | 10111100110  |     5E6     |
|   1511  | 10111100111  |     5E7     |
|   1512  | 10111101000  |     5E8     |
|   1513  | 10111101001  |     5E9     |
|   1514  | 10111101010  |     5EA     |
|   1515  | 10111101011  |     5EB     |
|   1516  | 10111101100  |     5EC     |
|   1517  | 10111101101  |     5ED     |
|   1518  | 10111101110  |     5EE     |
|   1519  | 10111101111  |     5EF     |
|   1520  | 10111110000  |     5F0     |
|   1521  | 10111110001  |     5F1     |
|   1522  | 10111110010  |     5F2     |
|   1523  | 10111110011  |     5F3     |
|   1524  | 10111110100  |     5F4     |
|   1525  | 10111110101  |     5F5     |
|   1526  | 10111110110  |     5F6     |
|   1527  | 10111110111  |     5F7     |
|   1528  | 10111111000  |     5F8     |
|   1529  | 10111111001  |     5F9     |
|   1530  | 10111111010  |     5FA     |
|   1531  | 10111111011  |     5FB     |
|   1532  | 10111111100  |     5FC     |
|   1533  | 10111111101  |     5FD     |
|   1534  | 10111111110  |     5FE     |
|   1535  | 10111111111  |     5FF     |
|   1536  | 11000000000  |     600     |
|   1537  | 11000000001  |     601     |
|   1538  | 11000000010  |     602     |
|   1539  | 11000000011  |     603     |
|   1540  | 11000000100  |     604     |
|   1541  | 11000000101  |     605     |
|   1542  | 11000000110  |     606     |
|   1543  | 11000000111  |     607     |
|   1544  | 11000001000  |     608     |
|   1545  | 11000001001  |     609     |
|   1546  | 11000001010  |     60A     |
|   1547  | 11000001011  |     60B     |
|   1548  | 11000001100  |     60C     |
|   1549  | 11000001101  |     60D     |
|   1550  | 11000001110  |     60E     |
|   1551  | 11000001111  |     60F     |
|   1552  | 11000010000  |     610     |
|   1553  | 11000010001  |     611     |
|   1554  | 11000010010  |     612     |
|   1555  | 11000010011  |     613     |
|   1556  | 11000010100  |     614     |
|   1557  | 11000010101  |     615     |
|   1558  | 11000010110  |     616     |
|   1559  | 11000010111  |     617     |
|   1560  | 11000011000  |     618     |
|   1561  | 11000011001  |     619     |
|   1562  | 11000011010  |     61A     |
|   1563  | 11000011011  |     61B     |
|   1564  | 11000011100  |     61C     |
|   1565  | 11000011101  |     61D     |
|   1566  | 11000011110  |     61E     |
|   1567  | 11000011111  |     61F     |
|   1568  | 11000100000  |     620     |
|   1569  | 11000100001  |     621     |
|   1570  | 11000100010  |     622     |
|   1571  | 11000100011  |     623     |
|   1572  | 11000100100  |     624     |
|   1573  | 11000100101  |     625     |
|   1574  | 11000100110  |     626     |
|   1575  | 11000100111  |     627     |
|   1576  | 11000101000  |     628     |
|   1577  | 11000101001  |     629     |
|   1578  | 11000101010  |     62A     |
|   1579  | 11000101011  |     62B     |
|   1580  | 11000101100  |     62C     |
|   1581  | 11000101101  |     62D     |
|   1582  | 11000101110  |     62E     |
|   1583  | 11000101111  |     62F     |
|   1584  | 11000110000  |     630     |
|   1585  | 11000110001  |     631     |
|   1586  | 11000110010  |     632     |
|   1587  | 11000110011  |     633     |
|   1588  | 11000110100  |     634     |
|   1589  | 11000110101  |     635     |
|   1590  | 11000110110  |     636     |
|   1591  | 11000110111  |     637     |
|   1592  | 11000111000  |     638     |
|   1593  | 11000111001  |     639     |
|   1594  | 11000111010  |     63A     |
|   1595  | 11000111011  |     63B     |
|   1596  | 11000111100  |     63C     |
|   1597  | 11000111101  |     63D     |
|   1598  | 11000111110  |     63E     |
|   1599  | 11000111111  |     63F     |
|   1600  | 11001000000  |     640     |
|   1601  | 11001000001  |     641     |
|   1602  | 11001000010  |     642     |
|   1603  | 11001000011  |     643     |
|   1604  | 11001000100  |     644     |
|   1605  | 11001000101  |     645     |
|   1606  | 11001000110  |     646     |
|   1607  | 11001000111  |     647     |
|   1608  | 11001001000  |     648     |
|   1609  | 11001001001  |     649     |
|   1610  | 11001001010  |     64A     |
|   1611  | 11001001011  |     64B     |
|   1612  | 11001001100  |     64C     |
|   1613  | 11001001101  |     64D     |
|   1614  | 11001001110  |     64E     |
|   1615  | 11001001111  |     64F     |
|   1616  | 11001010000  |     650     |
|   1617  | 11001010001  |     651     |
|   1618  | 11001010010  |     652     |
|   1619  | 11001010011  |     653     |
|   1620  | 11001010100  |     654     |
|   1621  | 11001010101  |     655     |
|   1622  | 11001010110  |     656     |
|   1623  | 11001010111  |     657     |
|   1624  | 11001011000  |     658     |
|   1625  | 11001011001  |     659     |
|   1626  | 11001011010  |     65A     |
|   1627  | 11001011011  |     65B     |
|   1628  | 11001011100  |     65C     |
|   1629  | 11001011101  |     65D     |
|   1630  | 11001011110  |     65E     |
|   1631  | 11001011111  |     65F     |
|   1632  | 11001100000  |     660     |
|   1633  | 11001100001  |     661     |
|   1634  | 11001100010  |     662     |
|   1635  | 11001100011  |     663     |
|   1636  | 11001100100  |     664     |
|   1637  | 11001100101  |     665     |
|   1638  | 11001100110  |     666     |
|   1639  | 11001100111  |     667     |
|   1640  | 11001101000  |     668     |
|   1641  | 11001101001  |     669     |
|   1642  | 11001101010  |     66A     |
|   1643  | 11001101011  |     66B     |
|   1644  | 11001101100  |     66C     |
|   1645  | 11001101101  |     66D     |
|   1646  | 11001101110  |     66E     |
|   1647  | 11001101111  |     66F     |
|   1648  | 11001110000  |     670     |
|   1649  | 11001110001  |     671     |
|   1650  | 11001110010  |     672     |
|   1651  | 11001110011  |     673     |
|   1652  | 11001110100  |     674     |
|   1653  | 11001110101  |     675     |
|   1654  | 11001110110  |     676     |
|   1655  | 11001110111  |     677     |
|   1656  | 11001111000  |     678     |
|   1657  | 11001111001  |     679     |
|   1658  | 11001111010  |     67A     |
|   1659  | 11001111011  |     67B     |
|   1660  | 11001111100  |     67C     |
|   1661  | 11001111101  |     67D     |
|   1662  | 11001111110  |     67E     |
|   1663  | 11001111111  |     67F     |
|   1664  | 11010000000  |     680     |
|   1665  | 11010000001  |     681     |
|   1666  | 11010000010  |     682     |
|   1667  | 11010000011  |     683     |
|   1668  | 11010000100  |     684     |
|   1669  | 11010000101  |     685     |
|   1670  | 11010000110  |     686     |
|   1671  | 11010000111  |     687     |
|   1672  | 11010001000  |     688     |
|   1673  | 11010001001  |     689     |
|   1674  | 11010001010  |     68A     |
|   1675  | 11010001011  |     68B     |
|   1676  | 11010001100  |     68C     |
|   1677  | 11010001101  |     68D     |
|   1678  | 11010001110  |     68E     |
|   1679  | 11010001111  |     68F     |
|   1680  | 11010010000  |     690     |
|   1681  | 11010010001  |     691     |
|   1682  | 11010010010  |     692     |
|   1683  | 11010010011  |     693     |
|   1684  | 11010010100  |     694     |
|   1685  | 11010010101  |     695     |
|   1686  | 11010010110  |     696     |
|   1687  | 11010010111  |     697     |
|   1688  | 11010011000  |     698     |
|   1689  | 11010011001  |     699     |
|   1690  | 11010011010  |     69A     |
|   1691  | 11010011011  |     69B     |
|   1692  | 11010011100  |     69C     |
|   1693  | 11010011101  |     69D     |
|   1694  | 11010011110  |     69E     |
|   1695  | 11010011111  |     69F     |
|   1696  | 11010100000  |     6A0     |
|   1697  | 11010100001  |     6A1     |
|   1698  | 11010100010  |     6A2     |
|   1699  | 11010100011  |     6A3     |
|   1700  | 11010100100  |     6A4     |
|   1701  | 11010100101  |     6A5     |
|   1702  | 11010100110  |     6A6     |
|   1703  | 11010100111  |     6A7     |
|   1704  | 11010101000  |     6A8     |
|   1705  | 11010101001  |     6A9     |
|   1706  | 11010101010  |     6AA     |
|   1707  | 11010101011  |     6AB     |
|   1708  | 11010101100  |     6AC     |
|   1709  | 11010101101  |     6AD     |
|   1710  | 11010101110  |     6AE     |
|   1711  | 11010101111  |     6AF     |
|   1712  | 11010110000  |     6B0     |
|   1713  | 11010110001  |     6B1     |
|   1714  | 11010110010  |     6B2     |
|   1715  | 11010110011  |     6B3     |
|   1716  | 11010110100  |     6B4     |
|   1717  | 11010110101  |     6B5     |
|   1718  | 11010110110  |     6B6     |
|   1719  | 11010110111  |     6B7     |
|   1720  | 11010111000  |     6B8     |
|   1721  | 11010111001  |     6B9     |
|   1722  | 11010111010  |     6BA     |
|   1723  | 11010111011  |     6BB     |
|   1724  | 11010111100  |     6BC     |
|   1725  | 11010111101  |     6BD     |
|   1726  | 11010111110  |     6BE     |
|   1727  | 11010111111  |     6BF     |
|   1728  | 11011000000  |     6C0     |
|   1729  | 11011000001  |     6C1     |
|   1730  | 11011000010  |     6C2     |
|   1731  | 11011000011  |     6C3     |
|   1732  | 11011000100  |     6C4     |
|   1733  | 11011000101  |     6C5     |
|   1734  | 11011000110  |     6C6     |
|   1735  | 11011000111  |     6C7     |
|   1736  | 11011001000  |     6C8     |
|   1737  | 11011001001  |     6C9     |
|   1738  | 11011001010  |     6CA     |
|   1739  | 11011001011  |     6CB     |
|   1740  | 11011001100  |     6CC     |
|   1741  | 11011001101  |     6CD     |
|   1742  | 11011001110  |     6CE     |
|   1743  | 11011001111  |     6CF     |
|   1744  | 11011010000  |     6D0     |
|   1745  | 11011010001  |     6D1     |
|   1746  | 11011010010  |     6D2     |
|   1747  | 11011010011  |     6D3     |
|   1748  | 11011010100  |     6D4     |
|   1749  | 11011010101  |     6D5     |
|   1750  | 11011010110  |     6D6     |
|   1751  | 11011010111  |     6D7     |
|   1752  | 11011011000  |     6D8     |
|   1753  | 11011011001  |     6D9     |
|   1754  | 11011011010  |     6DA     |
|   1755  | 11011011011  |     6DB     |
|   1756  | 11011011100  |     6DC     |
|   1757  | 11011011101  |     6DD     |
|   1758  | 11011011110  |     6DE     |
|   1759  | 11011011111  |     6DF     |
|   1760  | 11011100000  |     6E0     |
|   1761  | 11011100001  |     6E1     |
|   1762  | 11011100010  |     6E2     |
|   1763  | 11011100011  |     6E3     |
|   1764  | 11011100100  |     6E4     |
|   1765  | 11011100101  |     6E5     |
|   1766  | 11011100110  |     6E6     |
|   1767  | 11011100111  |     6E7     |
|   1768  | 11011101000  |     6E8     |
|   1769  | 11011101001  |     6E9     |
|   1770  | 11011101010  |     6EA     |
|   1771  | 11011101011  |     6EB     |
|   1772  | 11011101100  |     6EC     |
|   1773  | 11011101101  |     6ED     |
|   1774  | 11011101110  |     6EE     |
|   1775  | 11011101111  |     6EF     |
|   1776  | 11011110000  |     6F0     |
|   1777  | 11011110001  |     6F1     |
|   1778  | 11011110010  |     6F2     |
|   1779  | 11011110011  |     6F3     |
|   1780  | 11011110100  |     6F4     |
|   1781  | 11011110101  |     6F5     |
|   1782  | 11011110110  |     6F6     |
|   1783  | 11011110111  |     6F7     |
|   1784  | 11011111000  |     6F8     |
|   1785  | 11011111001  |     6F9     |
|   1786  | 11011111010  |     6FA     |
|   1787  | 11011111011  |     6FB     |
|   1788  | 11011111100  |     6FC     |
|   1789  | 11011111101  |     6FD     |
|   1790  | 11011111110  |     6FE     |
|   1791  | 11011111111  |     6FF     |
|   1792  | 11100000000  |     700     |
|   1793  | 11100000001  |     701     |
|   1794  | 11100000010  |     702     |
|   1795  | 11100000011  |     703     |
|   1796  | 11100000100  |     704     |
|   1797  | 11100000101  |     705     |
|   1798  | 11100000110  |     706     |
|   1799  | 11100000111  |     707     |
|   1800  | 11100001000  |     708     |
|   1801  | 11100001001  |     709     |
|   1802  | 11100001010  |     70A     |
|   1803  | 11100001011  |     70B     |
|   1804  | 11100001100  |     70C     |
|   1805  | 11100001101  |     70D     |
|   1806  | 11100001110  |     70E     |
|   1807  | 11100001111  |     70F     |
|   1808  | 11100010000  |     710     |
|   1809  | 11100010001  |     711     |
|   1810  | 11100010010  |     712     |
|   1811  | 11100010011  |     713     |
|   1812  | 11100010100  |     714     |
|   1813  | 11100010101  |     715     |
|   1814  | 11100010110  |     716     |
|   1815  | 11100010111  |     717     |
|   1816  | 11100011000  |     718     |
|   1817  | 11100011001  |     719     |
|   1818  | 11100011010  |     71A     |
|   1819  | 11100011011  |     71B     |
|   1820  | 11100011100  |     71C     |
|   1821  | 11100011101  |     71D     |
|   1822  | 11100011110  |     71E     |
|   1823  | 11100011111  |     71F     |
|   1824  | 11100100000  |     720     |
|   1825  | 11100100001  |     721     |
|   1826  | 11100100010  |     722     |
|   1827  | 11100100011  |     723     |
|   1828  | 11100100100  |     724     |
|   1829  | 11100100101  |     725     |
|   1830  | 11100100110  |     726     |
|   1831  | 11100100111  |     727     |
|   1832  | 11100101000  |     728     |
|   1833  | 11100101001  |     729     |
|   1834  | 11100101010  |     72A     |
|   1835  | 11100101011  |     72B     |
|   1836  | 11100101100  |     72C     |
|   1837  | 11100101101  |     72D     |
|   1838  | 11100101110  |     72E     |
|   1839  | 11100101111  |     72F     |
|   1840  | 11100110000  |     730     |
|   1841  | 11100110001  |     731     |
|   1842  | 11100110010  |     732     |
|   1843  | 11100110011  |     733     |
|   1844  | 11100110100  |     734     |
|   1845  | 11100110101  |     735     |
|   1846  | 11100110110  |     736     |
|   1847  | 11100110111  |     737     |
|   1848  | 11100111000  |     738     |
|   1849  | 11100111001  |     739     |
|   1850  | 11100111010  |     73A     |
|   1851  | 11100111011  |     73B     |
|   1852  | 11100111100  |     73C     |
|   1853  | 11100111101  |     73D     |
|   1854  | 11100111110  |     73E     |
|   1855  | 11100111111  |     73F     |
|   1856  | 11101000000  |     740     |
|   1857  | 11101000001  |     741     |
|   1858  | 11101000010  |     742     |
|   1859  | 11101000011  |     743     |
|   1860  | 11101000100  |     744     |
|   1861  | 11101000101  |     745     |
|   1862  | 11101000110  |     746     |
|   1863  | 11101000111  |     747     |
|   1864  | 11101001000  |     748     |
|   1865  | 11101001001  |     749     |
|   1866  | 11101001010  |     74A     |
|   1867  | 11101001011  |     74B     |
|   1868  | 11101001100  |     74C     |
|   1869  | 11101001101  |     74D     |
|   1870  | 11101001110  |     74E     |
|   1871  | 11101001111  |     74F     |
|   1872  | 11101010000  |     750     |
|   1873  | 11101010001  |     751     |
|   1874  | 11101010010  |     752     |
|   1875  | 11101010011  |     753     |
|   1876  | 11101010100  |     754     |
|   1877  | 11101010101  |     755     |
|   1878  | 11101010110  |     756     |
|   1879  | 11101010111  |     757     |
|   1880  | 11101011000  |     758     |
|   1881  | 11101011001  |     759     |
|   1882  | 11101011010  |     75A     |
|   1883  | 11101011011  |     75B     |
|   1884  | 11101011100  |     75C     |
|   1885  | 11101011101  |     75D     |
|   1886  | 11101011110  |     75E     |
|   1887  | 11101011111  |     75F     |
|   1888  | 11101100000  |     760     |
|   1889  | 11101100001  |     761     |
|   1890  | 11101100010  |     762     |
|   1891  | 11101100011  |     763     |
|   1892  | 11101100100  |     764     |
|   1893  | 11101100101  |     765     |
|   1894  | 11101100110  |     766     |
|   1895  | 11101100111  |     767     |
|   1896  | 11101101000  |     768     |
|   1897  | 11101101001  |     769     |
|   1898  | 11101101010  |     76A     |
|   1899  | 11101101011  |     76B     |
|   1900  | 11101101100  |     76C     |
|   1901  | 11101101101  |     76D     |
|   1902  | 11101101110  |     76E     |
|   1903  | 11101101111  |     76F     |
|   1904  | 11101110000  |     770     |
|   1905  | 11101110001  |     771     |
|   1906  | 11101110010  |     772     |
|   1907  | 11101110011  |     773     |
|   1908  | 11101110100  |     774     |
|   1909  | 11101110101  |     775     |
|   1910  | 11101110110  |     776     |
|   1911  | 11101110111  |     777     |
|   1912  | 11101111000  |     778     |
|   1913  | 11101111001  |     779     |
|   1914  | 11101111010  |     77A     |
|   1915  | 11101111011  |     77B     |
|   1916  | 11101111100  |     77C     |
|   1917  | 11101111101  |     77D     |
|   1918  | 11101111110  |     77E     |
|   1919  | 11101111111  |     77F     |
|   1920  | 11110000000  |     780     |
|   1921  | 11110000001  |     781     |
|   1922  | 11110000010  |     782     |
|   1923  | 11110000011  |     783     |
|   1924  | 11110000100  |     784     |
|   1925  | 11110000101  |     785     |
|   1926  | 11110000110  |     786     |
|   1927  | 11110000111  |     787     |
|   1928  | 11110001000  |     788     |
|   1929  | 11110001001  |     789     |
|   1930  | 11110001010  |     78A     |
|   1931  | 11110001011  |     78B     |
|   1932  | 11110001100  |     78C     |
|   1933  | 11110001101  |     78D     |
|   1934  | 11110001110  |     78E     |
|   1935  | 11110001111  |     78F     |
|   1936  | 11110010000  |     790     |
|   1937  | 11110010001  |     791     |
|   1938  | 11110010010  |     792     |
|   1939  | 11110010011  |     793     |
|   1940  | 11110010100  |     794     |
|   1941  | 11110010101  |     795     |
|   1942  | 11110010110  |     796     |
|   1943  | 11110010111  |     797     |
|   1944  | 11110011000  |     798     |
|   1945  | 11110011001  |     799     |
|   1946  | 11110011010  |     79A     |
|   1947  | 11110011011  |     79B     |
|   1948  | 11110011100  |     79C     |
|   1949  | 11110011101  |     79D     |
|   1950  | 11110011110  |     79E     |
|   1951  | 11110011111  |     79F     |
|   1952  | 11110100000  |     7A0     |
|   1953  | 11110100001  |     7A1     |
|   1954  | 11110100010  |     7A2     |
|   1955  | 11110100011  |     7A3     |
|   1956  | 11110100100  |     7A4     |
|   1957  | 11110100101  |     7A5     |
|   1958  | 11110100110  |     7A6     |
|   1959  | 11110100111  |     7A7     |
|   1960  | 11110101000  |     7A8     |
|   1961  | 11110101001  |     7A9     |
|   1962  | 11110101010  |     7AA     |
|   1963  | 11110101011  |     7AB     |
|   1964  | 11110101100  |     7AC     |
|   1965  | 11110101101  |     7AD     |
|   1966  | 11110101110  |     7AE     |
|   1967  | 11110101111  |     7AF     |
|   1968  | 11110110000  |     7B0     |
|   1969  | 11110110001  |     7B1     |
|   1970  | 11110110010  |     7B2     |
|   1971  | 11110110011  |     7B3     |
|   1972  | 11110110100  |     7B4     |
|   1973  | 11110110101  |     7B5     |
|   1974  | 11110110110  |     7B6     |
|   1975  | 11110110111  |     7B7     |
|   1976  | 11110111000  |     7B8     |
|   1977  | 11110111001  |     7B9     |
|   1978  | 11110111010  |     7BA     |
|   1979  | 11110111011  |     7BB     |
|   1980  | 11110111100  |     7BC     |
|   1981  | 11110111101  |     7BD     |
|   1982  | 11110111110  |     7BE     |
|   1983  | 11110111111  |     7BF     |
|   1984  | 11111000000  |     7C0     |
|   1985  | 11111000001  |     7C1     |
|   1986  | 11111000010  |     7C2     |
|   1987  | 11111000011  |     7C3     |
|   1988  | 11111000100  |     7C4     |
|   1989  | 11111000101  |     7C5     |
|   1990  | 11111000110  |     7C6     |
|   1991  | 11111000111  |     7C7     |
|   1992  | 11111001000  |     7C8     |
|   1993  | 11111001001  |     7C9     |
|   1994  | 11111001010  |     7CA     |
|   1995  | 11111001011  |     7CB     |
|   1996  | 11111001100  |     7CC     |
|   1997  | 11111001101  |     7CD     |
|   1998  | 11111001110  |     7CE     |
|   1999  | 11111001111  |     7CF     |
|   2000  | 11111010000  |     7D0     |
|   2001  | 11111010001  |     7D1     |
|   2002  | 11111010010  |     7D2     |
|   2003  | 11111010011  |     7D3     |
|   2004  | 11111010100  |     7D4     |
|   2005  | 11111010101  |     7D5     |
|   2006  | 11111010110  |     7D6     |
|   2007  | 11111010111  |     7D7     |
|   2008  | 11111011000  |     7D8     |
|   2009  | 11111011001  |     7D9     |
|   2010  | 11111011010  |     7DA     |
|   2011  | 11111011011  |     7DB     |
|   2012  | 11111011100  |     7DC     |
|   2013  | 11111011101  |     7DD     |
|   2014  | 11111011110  |     7DE     |
|   2015  | 11111011111  |     7DF     |
|   2016  | 11111100000  |     7E0     |
|   2017  | 11111100001  |     7E1     |
|   2018  | 11111100010  |     7E2     |
|   2019  | 11111100011  |     7E3     |
|   2020  | 11111100100  |     7E4     |
|   2021  | 11111100101  |     7E5     |
|   2022  | 11111100110  |     7E6     |
|   2023  | 11111100111  |     7E7     |
|   2024  | 11111101000  |     7E8     |
|   2025  | 11111101001  |     7E9     |
|   2026  | 11111101010  |     7EA     |
|   2027  | 11111101011  |     7EB     |
|   2028  | 11111101100  |     7EC     |
|   2029  | 11111101101  |     7ED     |
|   2030  | 11111101110  |     7EE     |
|   2031  | 11111101111  |     7EF     |
|   2032  | 11111110000  |     7F0     |
|   2033  | 11111110001  |     7F1     |
|   2034  | 11111110010  |     7F2     |
|   2035  | 11111110011  |     7F3     |
|   2036  | 11111110100  |     7F4     |
|   2037  | 11111110101  |     7F5     |
|   2038  | 11111110110  |     7F6     |
|   2039  | 11111110111  |     7F7     |
|   2040  | 11111111000  |     7F8     |
|   2041  | 11111111001  |     7F9     |
|   2042  | 11111111010  |     7FA     |
|   2043  | 11111111011  |     7FB     |
|   2044  | 11111111100  |     7FC     |
|   2045  | 11111111101  |     7FD     |
|   2046  | 11111111110  |     7FE     |
|   2047  | 11111111111  |     7FF     |
|   2048  | 100000000000 |     800     |
|   2049  | 100000000001 |     801     |
|   2050  | 100000000010 |     802     |
|   2051  | 100000000011 |     803     |
|   2052  | 100000000100 |     804     |
|   2053  | 100000000101 |     805     |
|   2054  | 100000000110 |     806     |
|   2055  | 100000000111 |     807     |
|   2056  | 100000001000 |     808     |
|   2057  | 100000001001 |     809     |
|   2058  | 100000001010 |     80A     |
|   2059  | 100000001011 |     80B     |
|   2060  | 100000001100 |     80C     |
|   2061  | 100000001101 |     80D     |
|   2062  | 100000001110 |     80E     |
|   2063  | 100000001111 |     80F     |
|   2064  | 100000010000 |     810     |
|   2065  | 100000010001 |     811     |
|   2066  | 100000010010 |     812     |
|   2067  | 100000010011 |     813     |
|   2068  | 100000010100 |     814     |
|   2069  | 100000010101 |     815     |
|   2070  | 100000010110 |     816     |
|   2071  | 100000010111 |     817     |
|   2072  | 100000011000 |     818     |
|   2073  | 100000011001 |     819     |
|   2074  | 100000011010 |     81A     |
|   2075  | 100000011011 |     81B     |
|   2076  | 100000011100 |     81C     |
|   2077  | 100000011101 |     81D     |
|   2078  | 100000011110 |     81E     |
|   2079  | 100000011111 |     81F     |
|   2080  | 100000100000 |     820     |
|   2081  | 100000100001 |     821     |
|   2082  | 100000100010 |     822     |
|   2083  | 100000100011 |     823     |
|   2084  | 100000100100 |     824     |
|   2085  | 100000100101 |     825     |
|   2086  | 100000100110 |     826     |
|   2087  | 100000100111 |     827     |
|   2088  | 100000101000 |     828     |
|   2089  | 100000101001 |     829     |
|   2090  | 100000101010 |     82A     |
|   2091  | 100000101011 |     82B     |
|   2092  | 100000101100 |     82C     |
|   2093  | 100000101101 |     82D     |
|   2094  | 100000101110 |     82E     |
|   2095  | 100000101111 |     82F     |
|   2096  | 100000110000 |     830     |
|   2097  | 100000110001 |     831     |
|   2098  | 100000110010 |     832     |
|   2099  | 100000110011 |     833     |
|   2100  | 100000110100 |     834     |
|   2101  | 100000110101 |     835     |
|   2102  | 100000110110 |     836     |
|   2103  | 100000110111 |     837     |
|   2104  | 100000111000 |     838     |
|   2105  | 100000111001 |     839     |
|   2106  | 100000111010 |     83A     |
|   2107  | 100000111011 |     83B     |
|   2108  | 100000111100 |     83C     |
|   2109  | 100000111101 |     83D     |
|   2110  | 100000111110 |     83E     |
|   2111  | 100000111111 |     83F     |
|   2112  | 100001000000 |     840     |
+---------+--------------+-------------+
Tiempo Transcurrido: 0.006005525588989258 segundos
